0 1.000001 0 99999 0 0 122 1
1 1.000001 0 99999 0 0 7 1
2 1.000001 0 99999 0 0 64 1
3 1.000001 0 99999 0 0 113 1
4 1.000001 0 99999 0 0 18 1
5 1.000001 0 99999 0 0 46 1
6 1.000001 0 99999 0 0 99 1
7 1.000001 0 99999 0 0 37 1
8 1.000001 0 99999 0 0 30 1
9 1.000001 0 99999 0 0 78 1
10 1.000001 0 99999 0 0 15 1
11 1.000001 0 99999 0 0 33 1
12 1.000001 0 99999 0 0 41 1
13 1.000001 0 99999 0 0 61 1
14 1.000001 0 99999 0 0 96 1
15 1.000001 0 99999 0 0 112 1
16 1.000001 0 99999 0 0 9 1
17 1.000001 0 99999 0 0 36 1
18 1.000001 0 99999 0 0 93 1
19 1.000001 0 99999 0 0 97 1
