0 1.000001 0 99999 0 0 99 71
1 1.000001 0 99999 0 0 47 71
2 1.000001 0 99999 0 0 82 71
3 1.000001 0 99999 0 0 27 71
4 1.000001 0 99999 0 0 5 71
5 1.000001 0 99999 0 0 0 71
6 1.000001 0 99999 0 0 29 71
7 1.000001 0 99999 0 0 93 71
8 1.000001 0 99999 0 0 40 71
9 1.000001 0 99999 0 0 2 71
10 1.000001 0 99999 0 0 61 71
11 1.000001 0 99999 0 0 96 71
12 1.000001 0 99999 0 0 112 71
13 1.000001 0 99999 0 0 105 71
14 1.000001 0 99999 0 0 113 71
15 1.000001 0 99999 0 0 54 71
16 1.000001 0 99999 0 0 68 71
17 1.000001 0 99999 0 0 21 71
18 1.000001 0 99999 0 0 122 71
19 1.000001 0 99999 0 0 7 71
20 1.000001 0 99999 0 0 20 71
21 1.000001 0 99999 0 0 58 71
22 1.000001 0 99999 0 0 38 71
23 1.000001 0 99999 0 0 83 71
24 1.000001 0 99999 0 0 69 71
25 1.000001 0 99999 0 0 73 71
26 1.000001 0 99999 0 0 117 71
27 1.000001 0 99999 0 0 104 71
28 1.000001 0 99999 0 0 15 71
29 1.000001 0 99999 0 0 37 71
30 1.000001 0 99999 0 0 23 71
31 1.000001 0 99999 0 0 95 71
32 1.000001 0 99999 0 0 59 71
33 1.000001 0 99999 0 0 42 71
34 1.000001 0 99999 0 0 106 71
35 1.000001 0 99999 0 0 89 71
36 1.000001 0 99999 0 0 75 71
37 1.000001 0 99999 0 0 55 71
38 1.000001 0 99999 0 0 36 71
39 1.000001 0 99999 0 0 49 71
40 1.000001 0 99999 0 0 98 71
41 1.000001 0 99999 0 0 4 71
42 1.000001 0 99999 0 0 13 71
43 1.000001 0 99999 0 0 111 71
44 1.000001 0 99999 0 0 76 71
45 1.000001 0 99999 0 0 97 71
46 1.000001 0 99999 0 0 28 71
47 1.000001 0 99999 0 0 85 71
48 1.000001 0 99999 0 0 14 71
49 1.000001 0 99999 0 0 107 71
50 1.000001 0 99999 0 0 9 71
51 1.000001 0 99999 0 0 121 71
52 1.000001 0 99999 0 0 8 71
53 1.000001 0 99999 0 0 119 71
54 1.000001 0 99999 0 0 60 71
55 1.000001 0 99999 0 0 123 71
56 1.000001 0 99999 0 0 32 71
57 1.000001 0 99999 0 0 120 71
58 1.000001 0 99999 0 0 57 71
59 1.000001 0 99999 0 0 51 71
