0 1.000001 0 99999 0 0 94 39
1 1.000001 0 99999 0 0 83 39
2 1.000001 0 99999 0 0 2 39
3 1.000001 0 99999 0 0 47 39
4 1.000001 0 99999 0 0 98 39
5 1.000001 0 99999 0 0 116 39
6 1.000001 0 99999 0 0 65 39
7 1.000001 0 99999 0 0 107 39
8 1.000001 0 99999 0 0 22 39
9 1.000001 0 99999 0 0 32 39
10 1.000001 0 99999 0 0 119 39
11 1.000001 0 99999 0 0 105 39
12 1.000001 0 99999 0 0 42 39
13 1.000001 0 99999 0 0 89 39
14 1.000001 0 99999 0 0 66 39
15 1.000001 0 99999 0 0 96 39
16 1.000001 0 99999 0 0 101 39
17 1.000001 0 99999 0 0 15 39
18 1.000001 0 99999 0 0 16 39
19 1.000001 0 99999 0 0 49 39
20 1.000001 0 99999 0 0 80 39
21 1.000001 0 99999 0 0 92 39
22 1.000001 0 99999 0 0 120 39
23 1.000001 0 99999 0 0 48 39
24 1.000001 0 99999 0 0 46 39
25 1.000001 0 99999 0 0 9 39
26 1.000001 0 99999 0 0 5 39
27 1.000001 0 99999 0 0 70 39
28 1.000001 0 99999 0 0 104 39
29 1.000001 0 99999 0 0 93 39
30 1.000001 0 99999 0 0 19 39
31 1.000001 0 99999 0 0 31 39
32 1.000001 0 99999 0 0 25 39
33 1.000001 0 99999 0 0 29 39
34 1.000001 0 99999 0 0 53 39
35 1.000001 0 99999 0 0 34 39
36 1.000001 0 99999 0 0 77 39
37 1.000001 0 99999 0 0 87 39
38 1.000001 0 99999 0 0 20 39
39 1.000001 0 99999 0 0 43 39
40 1.000001 0 99999 0 0 63 39
41 1.000001 0 99999 0 0 114 39
42 1.000001 0 99999 0 0 84 39
43 1.000001 0 99999 0 0 59 39
44 1.000001 0 99999 0 0 41 39
45 1.000001 0 99999 0 0 90 39
46 1.000001 0 99999 0 0 40 39
47 1.000001 0 99999 0 0 78 39
48 1.000001 0 99999 0 0 111 39
49 1.000001 0 99999 0 0 72 39
50 1.000001 0 99999 0 0 50 39
51 1.000001 0 99999 0 0 38 39
52 1.000001 0 99999 0 0 117 39
53 1.000001 0 99999 0 0 33 39
54 1.000001 0 99999 0 0 57 39
55 1.000001 0 99999 0 0 0 39
56 1.000001 0 99999 0 0 35 39
57 1.000001 0 99999 0 0 56 39
58 1.000001 0 99999 0 0 113 39
59 1.000001 0 99999 0 0 1 39
60 1.000001 0 99999 0 0 76 39
61 1.000001 0 99999 0 0 4 39
62 1.000001 0 99999 0 0 14 39
63 1.000001 0 99999 0 0 100 39
64 1.000001 0 99999 0 0 30 39
65 1.000001 0 99999 0 0 6 39
66 1.000001 0 99999 0 0 123 39
67 1.000001 0 99999 0 0 97 39
68 1.000001 0 99999 0 0 24 39
69 1.000001 0 99999 0 0 75 39
70 1.000001 0 99999 0 0 71 39
71 1.000001 0 99999 0 0 124 39
72 1.000001 0 99999 0 0 79 39
73 1.000001 0 99999 0 0 54 39
74 1.000001 0 99999 0 0 91 39
75 1.000001 0 99999 0 0 60 39
76 1.000001 0 99999 0 0 61 39
77 1.000001 0 99999 0 0 21 39
78 1.000001 0 99999 0 0 85 39
79 1.000001 0 99999 0 0 17 39
80 1.000001 0 99999 0 0 62 39
81 1.000001 0 99999 0 0 73 39
82 1.000001 0 99999 0 0 99 39
83 1.000001 0 99999 0 0 67 39
84 1.000001 0 99999 0 0 27 39
85 1.000001 0 99999 0 0 58 39
86 1.000001 0 99999 0 0 108 39
87 1.000001 0 99999 0 0 12 39
88 1.000001 0 99999 0 0 64 39
89 1.000001 0 99999 0 0 51 39
90 1.000001 0 99999 0 0 37 39
91 1.000001 0 99999 0 0 68 39
92 1.000001 0 99999 0 0 103 39
93 1.000001 0 99999 0 0 81 39
94 1.000001 0 99999 0 0 10 39
95 1.000001 0 99999 0 0 82 39
96 1.000001 0 99999 0 0 23 39
97 1.000001 0 99999 0 0 52 39
98 1.000001 0 99999 0 0 122 39
99 1.000001 0 99999 0 0 121 39
100 1.000001 0 99999 0 0 95 39
101 1.000001 0 99999 0 0 55 39
102 1.000001 0 99999 0 0 88 39
103 1.000001 0 99999 0 0 44 39
104 1.000001 0 99999 0 0 26 39
105 1.000001 0 99999 0 0 102 39
106 1.000001 0 99999 0 0 109 39
107 1.000001 0 99999 0 0 11 39
108 1.000001 0 99999 0 0 36 39
109 1.000001 0 99999 0 0 86 39
110 1.000001 0 99999 0 0 115 39
111 1.000001 0 99999 0 0 74 39
112 1.000001 0 99999 0 0 118 39
113 1.000001 0 99999 0 0 45 39
114 1.000001 0 99999 0 0 7 39
115 1.000001 0 99999 0 0 106 39
116 1.000001 0 99999 0 0 13 39
117 1.000001 0 99999 0 0 8 39
118 1.000001 0 99999 0 0 110 39
119 1.000001 0 99999 0 0 28 39
