0 1.000001 0 99999 0 0 74 60
1 1.000001 0 99999 0 0 71 60
2 1.000001 0 99999 0 0 107 60
3 1.000001 0 99999 0 0 3 60
4 1.000001 0 99999 0 0 113 60
5 1.000001 0 99999 0 0 87 60
6 1.000001 0 99999 0 0 80 60
7 1.000001 0 99999 0 0 118 60
8 1.000001 0 99999 0 0 81 60
9 1.000001 0 99999 0 0 101 60
10 1.000001 0 99999 0 0 52 60
11 1.000001 0 99999 0 0 2 60
12 1.000001 0 99999 0 0 38 60
13 1.000001 0 99999 0 0 84 60
14 1.000001 0 99999 0 0 10 60
15 1.000001 0 99999 0 0 124 60
16 1.000001 0 99999 0 0 18 60
17 1.000001 0 99999 0 0 68 60
18 1.000001 0 99999 0 0 72 60
19 1.000001 0 99999 0 0 116 60
20 1.000001 0 99999 0 0 123 60
21 1.000001 0 99999 0 0 56 60
22 1.000001 0 99999 0 0 82 60
23 1.000001 0 99999 0 0 16 60
24 1.000001 0 99999 0 0 76 60
25 1.000001 0 99999 0 0 50 60
26 1.000001 0 99999 0 0 51 60
27 1.000001 0 99999 0 0 12 60
28 1.000001 0 99999 0 0 22 60
29 1.000001 0 99999 0 0 15 60
30 1.000001 0 99999 0 0 47 60
31 1.000001 0 99999 0 0 19 60
32 1.000001 0 99999 0 0 35 60
33 1.000001 0 99999 0 0 58 60
34 1.000001 0 99999 0 0 37 60
35 1.000001 0 99999 0 0 20 60
36 1.000001 0 99999 0 0 45 60
37 1.000001 0 99999 0 0 70 60
38 1.000001 0 99999 0 0 104 60
39 1.000001 0 99999 0 0 0 60
40 1.000001 0 99999 0 0 43 60
41 1.000001 0 99999 0 0 23 60
42 1.000001 0 99999 0 0 110 60
43 1.000001 0 99999 0 0 61 60
44 1.000001 0 99999 0 0 122 60
45 1.000001 0 99999 0 0 100 60
46 1.000001 0 99999 0 0 14 60
47 1.000001 0 99999 0 0 120 60
48 1.000001 0 99999 0 0 69 60
49 1.000001 0 99999 0 0 59 60
50 1.000001 0 99999 0 0 73 60
51 1.000001 0 99999 0 0 7 60
52 1.000001 0 99999 0 0 54 60
53 1.000001 0 99999 0 0 90 60
54 1.000001 0 99999 0 0 34 60
55 1.000001 0 99999 0 0 41 60
56 1.000001 0 99999 0 0 30 60
57 1.000001 0 99999 0 0 21 60
58 1.000001 0 99999 0 0 94 60
59 1.000001 0 99999 0 0 117 60
60 1.000001 0 99999 0 0 46 60
61 1.000001 0 99999 0 0 64 60
62 1.000001 0 99999 0 0 62 60
63 1.000001 0 99999 0 0 25 60
64 1.000001 0 99999 0 0 40 60
65 1.000001 0 99999 0 0 32 60
66 1.000001 0 99999 0 0 121 60
67 1.000001 0 99999 0 0 13 60
68 1.000001 0 99999 0 0 88 60
69 1.000001 0 99999 0 0 29 60
70 1.000001 0 99999 0 0 89 60
71 1.000001 0 99999 0 0 24 60
72 1.000001 0 99999 0 0 109 60
73 1.000001 0 99999 0 0 39 60
74 1.000001 0 99999 0 0 103 60
75 1.000001 0 99999 0 0 97 60
76 1.000001 0 99999 0 0 79 60
77 1.000001 0 99999 0 0 112 60
78 1.000001 0 99999 0 0 105 60
79 1.000001 0 99999 0 0 33 60
