0 1.000001 0 99999 0 0 111 89
1 1.000001 0 99999 0 0 1 89
2 1.000001 0 99999 0 0 123 89
3 1.000001 0 99999 0 0 43 89
4 1.000001 0 99999 0 0 83 89
5 1.000001 0 99999 0 0 3 89
6 1.000001 0 99999 0 0 0 89
7 1.000001 0 99999 0 0 76 89
8 1.000001 0 99999 0 0 66 89
9 1.000001 0 99999 0 0 69 89
10 1.000001 0 99999 0 0 33 89
11 1.000001 0 99999 0 0 81 89
12 1.000001 0 99999 0 0 110 89
13 1.000001 0 99999 0 0 49 89
14 1.000001 0 99999 0 0 20 89
15 1.000001 0 99999 0 0 85 89
16 1.000001 0 99999 0 0 4 89
17 1.000001 0 99999 0 0 107 89
18 1.000001 0 99999 0 0 27 89
19 1.000001 0 99999 0 0 102 89
20 1.000001 0 99999 0 0 54 89
21 1.000001 0 99999 0 0 15 89
22 1.000001 0 99999 0 0 22 89
23 1.000001 0 99999 0 0 97 89
24 1.000001 0 99999 0 0 45 89
25 1.000001 0 99999 0 0 44 89
26 1.000001 0 99999 0 0 82 89
27 1.000001 0 99999 0 0 52 89
28 1.000001 0 99999 0 0 31 89
29 1.000001 0 99999 0 0 108 89
30 1.000001 0 99999 0 0 65 89
31 1.000001 0 99999 0 0 124 89
32 1.000001 0 99999 0 0 46 89
33 1.000001 0 99999 0 0 47 89
34 1.000001 0 99999 0 0 70 89
35 1.000001 0 99999 0 0 13 89
36 1.000001 0 99999 0 0 19 89
37 1.000001 0 99999 0 0 73 89
38 1.000001 0 99999 0 0 29 89
39 1.000001 0 99999 0 0 12 89
