0 1.000001 0 99999 0 0 71 88
1 1.000001 0 99999 0 0 75 88
2 1.000001 0 99999 0 0 13 88
3 1.000001 0 99999 0 0 46 88
4 1.000001 0 99999 0 0 70 88
5 1.000001 0 99999 0 0 2 88
6 1.000001 0 99999 0 0 23 88
7 1.000001 0 99999 0 0 97 88
8 1.000001 0 99999 0 0 107 88
9 1.000001 0 99999 0 0 10 88
10 1.000001 0 99999 0 0 69 88
11 1.000001 0 99999 0 0 17 88
12 1.000001 0 99999 0 0 85 88
13 1.000001 0 99999 0 0 0 88
14 1.000001 0 99999 0 0 83 88
15 1.000001 0 99999 0 0 84 88
16 1.000001 0 99999 0 0 7 88
17 1.000001 0 99999 0 0 101 88
18 1.000001 0 99999 0 0 116 88
19 1.000001 0 99999 0 0 72 88
20 1.000001 0 99999 0 0 1 88
21 1.000001 0 99999 0 0 14 88
22 1.000001 0 99999 0 0 73 88
23 1.000001 0 99999 0 0 64 88
24 1.000001 0 99999 0 0 106 88
25 1.000001 0 99999 0 0 3 88
26 1.000001 0 99999 0 0 48 88
27 1.000001 0 99999 0 0 112 88
28 1.000001 0 99999 0 0 12 88
29 1.000001 0 99999 0 0 110 88
30 1.000001 0 99999 0 0 66 88
31 1.000001 0 99999 0 0 4 88
32 1.000001 0 99999 0 0 5 88
33 1.000001 0 99999 0 0 91 88
34 1.000001 0 99999 0 0 117 88
35 1.000001 0 99999 0 0 45 88
36 1.000001 0 99999 0 0 26 88
37 1.000001 0 99999 0 0 44 88
38 1.000001 0 99999 0 0 93 88
39 1.000001 0 99999 0 0 118 88
40 1.000001 0 99999 0 0 96 88
41 1.000001 0 99999 0 0 16 88
42 1.000001 0 99999 0 0 42 88
43 1.000001 0 99999 0 0 54 88
44 1.000001 0 99999 0 0 24 88
45 1.000001 0 99999 0 0 63 88
46 1.000001 0 99999 0 0 61 88
47 1.000001 0 99999 0 0 108 88
48 1.000001 0 99999 0 0 31 88
49 1.000001 0 99999 0 0 35 88
50 1.000001 0 99999 0 0 79 88
51 1.000001 0 99999 0 0 105 88
52 1.000001 0 99999 0 0 90 88
53 1.000001 0 99999 0 0 95 88
54 1.000001 0 99999 0 0 39 88
55 1.000001 0 99999 0 0 18 88
56 1.000001 0 99999 0 0 15 88
57 1.000001 0 99999 0 0 74 88
58 1.000001 0 99999 0 0 120 88
59 1.000001 0 99999 0 0 87 88
60 1.000001 0 99999 0 0 25 88
61 1.000001 0 99999 0 0 50 88
62 1.000001 0 99999 0 0 62 88
63 1.000001 0 99999 0 0 109 88
64 1.000001 0 99999 0 0 122 88
65 1.000001 0 99999 0 0 102 88
66 1.000001 0 99999 0 0 40 88
67 1.000001 0 99999 0 0 34 88
68 1.000001 0 99999 0 0 124 88
69 1.000001 0 99999 0 0 92 88
70 1.000001 0 99999 0 0 113 88
71 1.000001 0 99999 0 0 36 88
72 1.000001 0 99999 0 0 59 88
73 1.000001 0 99999 0 0 65 88
74 1.000001 0 99999 0 0 78 88
75 1.000001 0 99999 0 0 60 88
76 1.000001 0 99999 0 0 41 88
77 1.000001 0 99999 0 0 29 88
78 1.000001 0 99999 0 0 38 88
79 1.000001 0 99999 0 0 114 88
80 1.000001 0 99999 0 0 104 88
81 1.000001 0 99999 0 0 20 88
82 1.000001 0 99999 0 0 99 88
83 1.000001 0 99999 0 0 52 88
84 1.000001 0 99999 0 0 119 88
85 1.000001 0 99999 0 0 27 88
86 1.000001 0 99999 0 0 57 88
87 1.000001 0 99999 0 0 30 88
88 1.000001 0 99999 0 0 56 88
89 1.000001 0 99999 0 0 98 88
90 1.000001 0 99999 0 0 51 88
91 1.000001 0 99999 0 0 80 88
92 1.000001 0 99999 0 0 22 88
93 1.000001 0 99999 0 0 115 88
94 1.000001 0 99999 0 0 37 88
95 1.000001 0 99999 0 0 81 88
96 1.000001 0 99999 0 0 9 88
97 1.000001 0 99999 0 0 68 88
98 1.000001 0 99999 0 0 21 88
99 1.000001 0 99999 0 0 111 88
